

rectangle1.vertices = [ -22    24     0
    22    24     0
   -22   -24     0
    22   -24     0
   -22    24    96
    22    24    96
   -22   -24    96
    22   -24    96
];

rectangle2.vertices = [ -12    20   106
   -12    20    86
   -12   -20   106
   -12   -20    86
   162    20   106
   162    20    86
   162   -20    86
   162   -20   106];
           


rectangle3.vertices = [162.0000   27.5000  106.0000
  162.0000   27.5000   86.0000
  162.0000  -27.5000  106.0000
  162.0000  -27.5000   86.0000
  328.0000   27.5000  106.0000
  328.0000   27.5000   86.0000
  328.0000  -27.5000   86.0000
  328.0000  -27.5000  106.0000];

body.vertices = [0    18  -170
   262    18  -170
     0   -18  -170
   262   -18  -170
     0    18     0
   262    18     0
     0   -18     0
   262   -18     0];

cylinder.vertices = [262   150  -245
   362   150  -245
   262  -150  -245
   362  -150  -245
   262   150    55
   362   150    55
   262  -150    55
   362  -150    55];


% rectangle1 = [-1.0000    1.0000    0.0000
%     1.0000    1.0000   -0.0000
%    -1.0000   -1.0000    0.0000
%     1.0000   -1.0000   -0.0000
%    -1.0000    1.0000    1.0000
%     1.0000    1.0000    1.0000
%    -1.0000   -1.0000    1.0000
%     1.0000   -1.0000    1.0000];
% 
% 
% rectangle2 = [1 1 3
%              1 1 1
%              1 -1 3
%              1 -1 1
%              6 1 3
%              6 1 1
%              6 -1 3
%              6 -1 1];
% 
%          
% rectangle3 =[6.0000    1.0000    2.0000
%             6.0000    1.0000         0
%             6.0000   -1.0000    2.0000
%             6.0000   -1.0000         0
%             9.0000    1.0000    2.0000
%             9.0000    1.0000    0.0000
%             9.0000   -1.0000    2.0000
%             9.0000   -1.0000    0.0000];


        